10000 10000
3862 5524 15094828.566498842
1278 7855 18735373.175364323
2786 2702 17833028.39245928
9056 8424 31877966.946440894
9460 9738 42749921.22514981
8435 7428 61278652.07325013
2059 4484 53212230.45468053
956 8808 36121717.77519321
3005 685 29299274.462831084
675 5972 77461380.30712941
8979 2280 38769297.40413034
3361 8911 56031872.15817241
3911 1735 71581270.70009144
4295 8297 72130746.6507864
2369 3820 33292358.95935797
3429 1025 52330723.98174453
5806 1513 70808119.84728837
1022 178 23250123.03059085
8032 2056 54681545.67795437
5109 8907 38150938.47677401
123 6251 52697618.354248
44 1422 45178402.32490136
6993 8631 16764357.609874493
1761 9978 44708057.095343314
4561 6787 14161725.428614547
740 2206 12689847.248249408
2354 7323 11335743.743506731
8107 7697 12489110.181361673
364 2471 46716947.79405291
3535 7207 55522373.70260261
6951 8454 3296484.0369094196
9669 8753 30465524.65672947
9088 6593 66122309.22131884
4101 6573 31201291.509248618
2352 1150 29834567.48385046
9052 1631 87293563.88621052
6197 2666 3481740.204649308
4740 4530 69576430.82440743
7412 6256 94114857.14552395
6440 4505 35476696.22897596
6576 9678 23235453.40762764
8491 903 10058304.384119999
1876 9593 72992673.40313475
4969 5501 50755664.995360896
4957 8467 33202694.095643114
4423 9947 83744752.59806642
4965 2283 94198624.13712119
7228 5047 99136747.55695267
7121 8008 84279172.00464329
3569 8751 53794689.176512554
896 7825 79542754.01685362
6458 7986 67650228.26478054
2302 675 65229050.73039422
6366 9083 52201947.46944966
9995 4586 35544698.119165786
5249 1440 31047574.725726124
313 5015 78144797.44009979
2619 8983 27734774.834215682
4067 3730 92334834.07987376
4847 1123 83584418.80562489
5817 6948 31140395.894171268
97 7914 77628480.55043092
5788 9540 19573122.88922304
6498 2364 94884408.25630717
5613 6108 44945111.41578015
790 5910 32678996.199319765
5910 1679 59340068.663074486
4682 8085 10729589.087967362
8216 4460 8629003.02332814
9486 9983 63462282.51451459
7386 18 58033933.29656946
6727 1576 63743315.68511909
7418 6311 98331952.56240714
7203 631 60695258.48668771
8166 2777 86985727.57196207
6580 1686 20835310.622716554
9401 9787 82986627.47784787
3314 8176 10114899.811967736
5770 731 89591209.65945865
8502 9245 70145786.61882673
6934 5921 83434948.51167746
9468 1191 84166830.94619939
790 4995 30921289.191080004
4707 8083 34866177.88017981
1164 1694 44583381.36439445
4409 3565 14140033.66444797
9826 4247 54153266.14587703
3103 5563 39352031.043272905
4517 3699 90342864.9874645
8009 7226 70728530.69663824
5045 5523 48404779.47097538
1324 3194 25752442.556758504
7931 7350 73836601.02082424
5445 9485 6191878.421404906
5694 3732 53838473.62774752
2190 570 93879202.20725776
278 8639 99642753.1814379
7427 8878 3443121.6570340763
5827 854 31654994.40859503
4693 5251 33832472.03563239
1292 3008 7657029.560534312
8769 3058 65988017.09715223
7425 1390 56140000.00870432
3044 5508 80395739.72518696
9061 5555 83422545.37453654
3559 7539 85727281.74090882
6497 9915 97065607.14804816
156 3965 97641242.48623209
7952 8747 10972999.289438313
9747 8762 73976365.10215083
8094 2423 91888486.49537951
5103 2194 73178270.87778142
3911 142 22914198.793854047
3293 1154 74175385.79101804
9821 655 7500700.679579619
601 5827 3106164.034706094
1473 1979 15586034.21741932
6492 4407 71526755.0176085
5274 9785 30253987.019332673
607 3249 70138980.57466874
5397 3043 60845841.60127468
9263 8737 51987898.33456106
7932 2273 21609707.495365515
1710 2909 28682617.88481884
5053 9537 76498909.02318533
582 7130 95029044.1375345
6833 1218 65405418.88054331
8451 8972 61622055.265391104
8180 4087 23949920.649784606
920 1105 94648463.3802819
6632 4515 67608173.65237883
7055 9104 87813730.14737849
440 3848 17095209.974853463
4980 9319 90343143.21173546
3847 6778 34332101.994284466
3303 2767 1912805.9112273667
58 1061 33806450.54832485
7314 659 32876193.847200062
7754 945 1806337.819244641
1188 7840 40791734.05752523
4877 4435 29775210.765232395
3182 1308 13659066.478202052
9915 3907 3545465.464267905
8095 5273 46680058.95883033
3453 2582 9241293.960817054
5910 4696 59871935.89447727
3116 9860 63933936.813356206
9692 5429 79911638.52793033
8118 6773 18750278.599294357
1450 4395 61306954.29300873
670 3961 2735460.957144742
4568 9913 67467285.3366315
8347 8793 5094211.5935551645
9645 6304 28837047.708183628
2984 1085 42282863.07688276
4465 378 3375636.354695999
6765 3935 21619821.38115248
7351 4615 6199614.527047403
8173 3269 35324034.09670306
4402 6810 51360111.80586217
1103 5723 27229640.053077597
4623 6554 83899847.80063604
9167 2471 33362253.64516641
3362 1477 63527363.06389437
4399 1768 25701322.7565958
7166 4519 84607901.22747679
8464 9453 382393.6037493203
9215 4064 21972126.557678863
9729 6275 49123174.37144534
3607 9876 17170513.681702316
2689 3376 415190.30478448514
5140 5712 15154392.344744794
6291 2962 91695045.37004022
2378 1148 70442050.91508414
111 8823 68935779.41837987
7957 7359 6873867.872213679
4325 9340 91093825.71071975
1002 3573 85896532.02560042
9212 7664 17218230.661348112
1310 4310 64184297.78283716
6086 1365 60123424.14131752
2202 8317 72298528.25804867
5440 5677 39574188.00632777
6708 1687 3489959.3539456152
4829 6052 666495.2943917447
7551 3186 85609559.43253703
9706 8123 48516314.55329781
4125 8108 40276106.63876487
5943 3948 21243190.152946234
5496 8273 84222360.54948144
7243 2749 60991825.51755092
1650 713 85246289.69973005
6586 2955 90646467.44907725
5752 9233 15599435.593351552
7878 8182 15986791.791556187
1113 1797 65482056.8657926
5605 4747 10254265.280853203
1117 7634 61341663.186284035
6520 6567 93777764.52506581
5166 3277 62058586.009477265
7513 6382 34943264.72651474
2107 7796 9253614.717687707
1441 2231 71877455.04023899
5579 9641 50651674.827334605
9265 8552 73975945.66381688
4347 6843 41377418.66488395
2899 3484 62251462.23202701
5856 1884 30415505.22404597
5380 7506 58397619.699498415
6454 952 85035336.73671857
6876 796 39254148.0207625
1549 4521 43498356.75337205
6087 796 49435432.14721648
7402 8783 78492412.51135844
2017 8052 15086283.118765054
9780 9843 56745131.37470096
5720 5428 79678170.53786303
3111 2604 42807030.62990209
1727 1283 44340284.970635265
6744 30 7353558.318893882
9292 1074 45174127.12847937
1475 3804 96684258.33613174
1674 4298 66951020.197317325
4006 3203 65135091.98500519
3785 7239 52370211.89373017
2060 6543 89807027.2416727
6109 7289 43498944.61051147
3036 2916 31865685.00403323
3694 8444 45388355.37581786
443 5343 84800400.87799127
2332 9139 26159963.096210524
9374 2256 9098847.150432166
160 6759 82744270.6696471
8709 4535 4630532.454627289
8974 7190 1240951.259473533
455 4672 4982933.083947161
5525 3510 57726579.28116591
9633 4713 56316462.105258
8224 5365 30888424.94589752
3023 9264 48389524.42944705
2876 300 75644385.65021744
6280 6756 49923140.31270846
4975 720 7820462.887843216
9666 6487 74463901.3982181
9294 7301 53239183.3192425
7438 1172 35012822.74406079
8648 4829 83424055.03327025
8443 1605 4961096.463994108
2013 9858 81345926.53575438
4756 3850 43347392.001200244
2627 7653 17559897.11799634
7401 7780 696483.2446032965
6369 9356 20105342.28913067
7785 2702 32312468.38475237
4581 4132 38490104.373832315
6277 5859 20075434.448490802
6373 16 67560626.51460753
9980 1252 33204162.653603762
7317 3280 23811835.735707298
1236 3089 39719171.8311172
8477 8871 23352153.09154791
7596 1178 60874591.106948905
7977 5610 74573900.24871367
3915 6782 77490658.08920741
9185 387 70752786.44817358
7132 7392 95827838.78231367
900 2775 50061635.25429636
7621 845 81722114.65676077
1607 3851 48165829.8381773
7084 6846 23655832.777054418
2945 3432 10698298.202122191
466 9112 43336749.20909463
717 6303 59669404.95000593
9182 8206 15876299.40508114
4557 8364 28010357.055431824
9804 8101 43038513.109613374
4698 7948 89911788.75771676
3249 4758 75647634.92575154
1785 2269 92777742.51538408
9432 4548 45488583.32777749
9895 5757 18090367.841119837
5048 9286 28746329.094043955
2271 7267 16164635.685212903
9417 8926 10933471.446329957
7371 3962 22179091.059759416
6740 409 59065395.17407859
3138 350 44354684.51810307
9764 4483 73205347.21335456
6848 7553 87391143.71228403
4586 1911 69630626.01224338
4069 7004 73847178.36509211
3248 7649 78952341.1208169
7622 999 45700328.41617353
4921 1239 96872971.96915601
1264 2802 19516571.74976488
2027 3198 17274980.787098404
2957 4018 91831062.47896978
8972 1564 91546896.93698877
8811 8692 49842906.12792376
5768 2427 29500896.90790968
2247 760 45916023.3583526
5043 6914 8696437.191994255
3500 8317 63549709.913174346
776 4372 93212839.0878113
2578 8718 86646054.4033862
945 1135 81805269.34260552
5634 8159 88456571.02027047
2032 3973 959708.6577203152
5874 9551 87205042.79683733
5736 744 29745398.811458047
3585 329 16137293.199253334
2018 9959 79478313.64970265
9934 6764 86427867.4293046
3771 7261 54026764.5827327
8861 8553 34253443.421220854
1439 2419 49084206.577050395
958 6717 50114659.24747846
1772 3760 59022633.99407298
3535 3582 16178471.394464144
9625 6299 84587610.27878606
1940 9074 41802639.52795524
7329 1807 13521190.287660278
234 947 94726102.50648803
7431 3097 91736412.13482964
3644 5193 85157161.93800315
6136 3824 71306412.2544862
298 7241 43613602.22196177
8790 288 72151123.18983182
7897 9747 96362707.41420753
7766 2875 21497369.727705408
8357 2319 68584427.51719145
4310 587 90846120.87736896
7874 3740 70161103.74736972
6183 3857 73964824.04280542
640 6103 94493199.42096524
7122 3708 21586560.270216882
3970 1791 6331060.220112616
2259 2988 36361099.85028853
65 906 66338781.40614912
1518 8628 88375218.2447358
5107 2087 84236604.78796405
5337 1583 39488788.60862016
2637 9977 36185350.33651546
9144 5820 51320865.89237216
6153 2499 55178261.58835638
5753 9841 32307179.86409629
4398 7355 38423598.073093325
4219 1556 26123594.980231013
8255 7949 39758475.087493725
9338 7341 9334753.821597409
7254 5018 27370536.520839263
9676 8365 43605157.170754686
2458 9386 98484202.32915744
5667 9743 20470032.67690536
6294 8107 56334025.52631003
4603 6150 34809115.57136439
9837 7362 31201312.245278534
8816 1496 21509190.51652177
1002 890 98767117.58503991
6909 8873 24842601.773822792
8851 3634 59366431.169670574
7376 289 72163734.5474784
6321 3407 1614930.7335961538
1502 4851 64989320.313781284
1702 3003 81962248.88973433
3897 8310 29560013.055878818
2644 6547 85045993.04335637
8283 964 41965862.77837565
2083 7252 18873340.809157614
9062 3529 74470811.9233215
694 8065 83857181.14775658
8808 1045 5903001.8871607855
91 9110 31078612.296127174
1223 4877 32659595.782715965
885 9967 34707430.2241558
787 1212 78515156.52537303
7946 3381 61256274.30608518
8574 8726 55310179.21089486
2192 9659 63005738.26432575
8785 7993 81626163.06851953
1121 1507 10380667.84501176
5082 9184 98284123.4466993
8158 8059 19818947.189021207
6492 679 56066450.96285219
6032 2123 46922170.49471987
680 9731 51838865.34290522
1645 5607 93809493.55629854
460 3763 74827028.77674918
2068 9190 50884530.49949343
8810 3560 20770040.16775069
2226 9274 34256076.77023043
3262 8466 32762221.57370445
2663 942 69134573.30899243
315 3821 73138427.00087488
4987 3221 15876469.517776715
664 1822 16132386.032910107
8893 8133 66783790.82260952
2846 2339 92873680.17469348
9498 8941 76966113.2984966
185 5136 65325308.299039856
9874 8111 61838198.07290355
1142 6472 91230301.69053952
312 9549 78894251.89690712
7205 9489 45905733.81076018
5325 1222 76072748.77161492
7214 8291 91711891.31933615
2899 6711 75332867.38523628
7279 626 39487011.10452653
8762 4287 62619201.023827486
8002 5560 36681427.44021647
5624 4702 49963057.29952089
1512 2428 58811448.39033807
5608 7511 28285590.765701916
5344 4179 97347636.09215511
2066 6953 2990415.134615343
5281 6906 47593253.66511904
3372 7210 15548319.90150981
6969 4542 31585375.42534828
2237 4155 75846812.63335867
9553 4390 18636961.369684856
6823 716 97964079.78818412
2463 6225 94787916.92462723
1697 1233 2371464.2322572144
3684 4102 90704185.04873313
1370 7621 42758605.41462907
9897 470 37531538.46441553
3757 8214 78726557.15552351
6887 2676 50589018.93741068
3620 958 94055504.51034822
3726 6244 8228972.77548702
4016 7511 41913086.88957039
7706 7970 48749266.852985084
1968 653 75937698.85574792
8406 3828 31763161.13497073
9866 9854 85487522.78651643
4877 6687 91374708.05829637
7227 8840 69075861.92366476
4969 6849 72469495.90233205
4591 4438 52527120.02603546
3541 8661 46348803.684301056
9403 7942 80854318.75408822
848 2044 56547007.55397653
7168 5144 34738686.50150369
5143 3832 66040827.356888585
4984 6367 64332538.77822368
8804 4988 18103783.70695799
664 7976 40069918.233653665
7743 7551 22364716.897323623
3109 5727 10793758.845914625
7207 1611 87210909.64405252
9721 2043 70129919.23934908
2787 4348 14480452.410627887
3786 1362 82944265.48432337
2738 2891 82523143.94889931
8658 2784 28665261.87966001
4951 373 66875534.89115575
7502 5112 97720055.15920027
3751 3649 18934875.883376624
1973 7887 86579071.02636144
2325 5859 90504881.40932457
2468 3124 46820359.80654755
2565 4414 88339434.90556501
8802 7552 43985074.738523334
2090 4060 45668663.328023374
1107 7900 88892148.89979307
7387 4087 47567791.896751225
4775 1444 27741993.078340564
872 8886 31783997.960478183
5423 4669 98050012.361522
6548 8287 3547622.492057334
8160 626 97912550.94007528
9862 197 62324991.568242714
6083 2027 33128280.596707847
5490 113 11066633.119956393
2310 4219 3425754.72272566
6395 9886 48367377.39527045
4987 7588 44405875.754211634
6858 3545 27200352.070350375
7250 3689 53875509.80487209
1470 8518 21939232.49030898
7400 519 75930003.67878653
9597 1880 35925475.45090256
576 6972 83408002.33068986
6219 8748 40582249.56687432
9241 9166 70149292.2667234
2237 3064 90127678.47572325
6303 8455 72588717.597621
545 6037 95171067.94021851
7701 8776 62424509.67087575
5153 5606 2858871.0349168656
4059 1473 69183438.5158191
5745 311 70024901.56525645
4677 962 52122798.615039445
5918 2579 21595296.934130426
195 163 46500128.94024836
7056 9384 80353908.55219139
3767 7301 73754246.07290114
1307 1822 20133105.3201081
4865 6373 29733357.384112746
9732 3925 76109732.30282876
9168 8281 45582447.07539071
238 3920 25905417.4638471
6132 8575 27292345.659997374
7092 4992 34482402.600721695
6410 1058 25723919.109239444
7210 9363 3473618.9874282395
1042 5629 87464987.44531712
1381 3372 12056198.794824535
3045 3289 14077204.699518431
5185 5150 55570531.24033105
4267 7173 97331280.22117567
9381 3077 39569752.95425806
5193 536 83775393.10526246
3658 1074 94301222.96737002
3609 8559 97652056.67192222
4764 3503 96948280.35034001
1736 379 83247898.01111074
8691 9282 44416511.046632476
1436 8424 87962022.92914352
483 6038 60544206.0776755
6816 7485 24746612.70649533
7395 8627 70951404.17975147
5533 8267 6486550.676328707
1872 4367 34704384.4627867
1169 3264 43108492.68979897
3764 6823 19131387.28042948
5932 3160 60689040.652245566
7805 3954 31128037.489992842
4652 7220 93308115.57923192
9313 8440 8843937.332081165
2214 7771 85735464.55935949
3573 4471 88479415.59643713
8263 4067 96409440.18334058
9882 1436 97072578.95565161
3568 502 45196491.36903433
3841 7251 50860795.20695882
8788 1013 15198866.327021487
7016 8907 24463402.624340415
9062 7719 6067944.936312086
9228 584 31646045.090796947
7090 5866 5518443.865468603
9324 7033 80051870.66365698
1863 4945 18896229.16259055
5403 8859 18257509.22182673
2995 8607 91854019.79592834
4931 2210 73457347.48252445
911 8017 67540088.84305608
1441 208 21906248.379325856
8216 4141 68644337.05114536
5837 4020 13100329.09662997
1856 8488 13480438.023789799
7466 8286 11266557.968581958
1490 801 23628402.89881245
7979 1854 94890123.88054395
3038 5501 23193058.72013333
2491 2642 97761897.84510949
1744 7400 46300643.88317607
9803 8971 41376442.6328293
7447 5005 87222836.05147617
1989 3847 76134767.12416333
6445 4756 60566543.84652411
3036 5468 25245409.115412798
7976 5782 33672575.812083706
1373 522 81922880.83142123
7547 6639 76713090.42681108
5489 7933 86872559.92892197
8645 1692 32763293.025653783
1775 3146 4205533.467544453
7274 1156 59033258.995672055
6941 2566 30543004.019178633
7265 9352 6061443.424844481
4657 7623 84104654.83159831
3396 8971 70176575.47368278
7605 8059 33687383.96694841
1104 8669 94077480.81681369
3679 5585 60792708.86556323
421 3548 14115120.249572266
579 1602 36445402.33474655
2136 2857 33592634.75585775
8071 9462 28041584.17231658
1733 7982 81273286.68682037
6482 7737 3941443.6144136977
6287 1529 60900859.55040941
6940 1013 26788523.61899785
6878 7582 34956363.29419094
1543 7565 57330610.6068877
7496 6275 25050631.2883387
5895 801 14150713.463004071
3550 9916 70310004.29919672
274 5508 43939548.56410608
3777 137 51948581.78035169
1628 7522 16932855.71060501
1606 6695 21461954.462105714
6104 2909 49599065.85634116
6069 5932 79574215.19231004
411 7144 3829684.0011830204
5301 5564 87330117.92445391
9747 8799 94680260.3526769
7739 9706 28697197.637203455
4984 4553 40988539.01113615
4654 6872 72667645.77747127
9505 707 66135867.18680567
4131 7174 27812293.132288646
8554 3359 96369304.4386943
5401 3359 59029744.95359939
5525 1743 35535294.4488681
4939 6476 15379108.061552027
3799 9268 75349184.73856226
5398 3319 76826421.95433354
6114 4288 42508210.336403094
5595 4827 15550184.966581715
4931 2134 30294068.539279297
4608 4106 6407732.586033688
7591 5248 22279920.35352705
2056 4743 44540692.64445601
5809 4284 47655779.82435754
6876 8523 1376241.1881358516
1054 3359 4245655.612218457
9007 3226 4576406.788409193
5065 7875 58941398.94048384
2426 6045 73086989.89714631
1186 2620 74135482.36607398
2362 7234 91174326.84865913
5364 9503 90368264.64594759
2660 6526 28018361.861081585
595 7451 52302253.09407652
5942 3980 25698802.69556465
1059 2201 17682420.42863851
6585 915 28623176.79718486
3045 1072 45268730.26416107
9298 5709 9770621.722772032
1486 3251 99881824.23890312
8044 1435 25018627.33322827
90 6359 85050452.31345555
7309 4311 79772797.94956136
1671 2281 71228949.32443482
8550 270 84812241.6970418
839 1426 85016407.4596297
9319 7880 50536179.86066753
2652 1704 81480905.74639833
1695 9854 71621322.59883796
9887 408 80456638.96351935
1351 2629 17386244.706534382
9534 7307 61923013.81754258
95 1700 2581781.487260726
5650 5807 61344908.04967601
7255 8497 16971296.402722947
4582 9545 23584544.011041153
3123 858 88095568.04236928
6610 8402 15915533.422694327
327 5579 33858444.21684195
1785 3952 93618727.0568797
149 3601 24691712.83734546
7570 6697 65126459.08761927
9239 7532 16687318.419826392
9121 4403 3596380.118758635
9724 9298 25755589.374057263
7295 1686 4496304.787797689
381 4256 53234782.74245492
6159 27 66570419.51730482
9404 739 55845620.62032953
2609 7564 27066336.564459924
4613 2205 16118972.61271169
3229 5579 10979735.413715653
6997 1085 51023939.53638033
2497 4427 68239406.59847687
5079 1272 38454878.52749453
9095 273 64335950.12104599
7131 1733 77613201.14631356
7341 4071 80951277.78029452
2200 7162 72425704.66445549
3807 9578 43660823.47782834
5369 1772 51797449.67247897
9107 3666 90534430.63242823
7581 4780 21518015.735882513
7244 1162 489681.1409112023
847 8088 6336042.254399265
5688 7389 72164832.6920988
3316 2365 50238603.82562287
6867 6997 83171676.5096013
6807 9276 63915.11158628793
2161 6058 95983483.19194527
8796 3563 89557495.18515645
9147 482 8448180.975076547
1334 5227 34806102.3590937
6826 3410 45762895.43857933
607 9639 57408415.484187715
1941 9668 75829478.6487371
3630 8316 85347785.70556618
4680 5273 21334538.20557264
8153 9853 21811683.938056815
8523 4548 62173551.795986615
4017 6993 44746280.420336895
8185 8217 5100553.839595556
3406 4537 18853427.354985885
6147 6622 36064736.70153585
1405 9119 22919344.26661638
3307 9376 35679611.39884775
2403 6171 83253984.74552278
3822 3708 70234728.239862
4593 251 71190188.56992455
3772 8877 75819310.46332279
7063 101 98788453.6137552
5990 6879 5483775.8732349975
6627 1241 72558578.3908106
9260 5415 99032625.3880079
9968 6971 6601718.684073365
8702 5240 15547847.93783428
8893 8008 43902833.707031034
2586 1056 99141346.58923069
1226 3718 85253396.51392299
9164 4490 39137046.64499338
2542 5911 53738953.345756546
9600 9813 63478890.28971474
3219 138 72511831.66696575
5709 6369 35482048.594194315
569 6234 19775421.27729306
1075 518 30430332.71538684
8737 6778 93986556.3382094
5519 5662 81804623.90145332
8853 6752 69689512.37591118
7310 4382 99229500.45305185
9235 6858 70454697.00225954
4051 8297 36804395.941962786
3427 3409 45130197.268125385
7679 5338 84904252.80107187
2147 5514 30506001.049544416
1899 5882 97598157.76921289
7653 9682 99182404.16465232
2583 2517 39197641.991409846
5928 4775 32002998.829560768
8926 1937 37680325.92722198
8040 5272 86419796.14862116
6095 1506 91150483.16104758
5898 9707 62539608.39618843
8286 8969 61789092.420546465
3437 3311 65848729.91883245
2526 8752 23712356.81865367
4826 4515 1241351.7285601804
8741 908 65273477.409008965
6842 3089 98940664.31663309
6325 4319 87765766.65106371
1933 8066 29522065.525991715
4508 7972 26958278.128387745
2938 31 14937456.770651603
1574 5153 62943068.51977567
877 3498 78166565.46315597
3960 4475 73529497.46015608
4401 2176 59625955.39765313
7397 8355 86424204.82479388
2495 2792 64982854.53320804
399 238 32212029.61500489
3220 1077 60677919.35643701
8895 1744 80565930.4950713
7148 7532 79700254.98467253
681 2867 84089368.87633981
105 9102 14453978.565229509
8713 2639 97345377.83428538
4009 4873 81102127.32664317
3817 1210 67142075.30309275
3272 3675 51318124.37189859
9260 7333 87898488.91090585
7079 3386 51477795.75906435
8411 2491 28569536.800831262
7308 2705 16588134.04032522
9 4752 73425283.03957443
5964 1915 30140522.34941574
1540 9716 43844119.34094275
8436 1090 94573881.87090486
1350 9538 28954343.363956213
6737 4724 78659692.31802548
4391 6507 97202418.61350505
7332 3011 52261528.59661246
7955 6274 28283595.456629142
8999 4479 72753561.60152787
1671 2107 65089005.05292305
7831 7436 15037790.351219004
5083 6722 88215974.33324324
9253 810 27932862.10290803
3815 8298 86767864.1893355
1889 5197 56721664.5991218
1927 1293 97369406.72012386
2949 6892 85343051.31837334
9713 939 74941258.6732375
1906 1894 7024225.17228789
2399 2510 65162912.56210968
6055 3879 1132419.7799640002
7387 1884 71384479.17359498
3251 4603 58574991.39713374
5349 4200 36551942.77057181
3822 4163 62582539.18096395
9905 3157 31855709.704461023
3497 5197 62096521.89561107
6876 8934 24255396.816026352
3722 1565 24476376.538391486
8467 4426 28319577.901431624
7238 1897 62319110.46163075
8560 3980 52098338.51383948
3131 5069 82767532.47290991
9672 1274 17314459.126607463
8384 266 83847414.20535403
6712 204 24294722.769068234
7504 7497 16528251.973454256
2287 6196 60263047.76053474
386 5932 59886413.66879442
4014 2573 65278529.41530751
6811 9050 63105997.32102004
988 4833 21802188.36991188
6513 3656 58387366.70848733
1144 7168 94411271.00166462
1808 705 22993878.364276253
7756 8699 81179147.68369702
176 9029 97762795.78647915
9447 5953 27796249.603611644
359 3855 2876774.890803235
336 4926 3959211.8445544555
7728 4779 40798577.095265396
7917 3889 31352199.019811977
9922 3940 62802276.22342301
1737 2801 65450261.69676117
5881 6991 1477267.521360315
3235 3084 66468080.29696629
502 4920 1302837.641862087
474 7188 38640505.49900711
5497 90 77041495.73595774
3281 3538 84168943.07676831
591 4522 52342077.82441373
3953 5254 51381755.43793707
3805 5869 8727490.677183958
4807 2924 79169696.30126445
9089 5043 33170209.578737874
6142 3389 71491588.35682322
6376 4257 34597620.62701698
1887 8718 74449784.61437121
3675 712 80251430.63497353
4555 7228 33487075.55701751
5501 2890 40607979.08322177
8905 8468 8523749.546506997
8776 6696 18829371.609377455
1125 9344 91668537.78072466
2295 4412 12252938.747438414
4508 4293 63360643.58538331
4525 6841 54527360.18194437
9962 3668 35821654.78374544
7232 8324 43639533.24442463
6084 538 22825543.603832655
5083 6216 84969127.94054596
2591 6254 17201849.21409159
5933 9459 56775281.49264982
6924 3191 46960205.206052594
2281 8225 69655311.29523803
2917 392 74495671.41096815
2552 8306 74640642.47067888
8481 4276 93226542.12267528
9988 1220 51692482.978610754
6611 8110 27732412.425201345
7162 5099 26527255.2434209
7725 4756 93963059.5950251
9050 6203 59415132.67722957
125 1162 56240775.68453727
6729 6506 97052343.17608927
1432 8903 61222476.1052495
3426 1941 98383920.0725961
8333 1424 47449937.15274748
9049 7902 90437445.67000073
6487 8752 5920754.758909419
4259 8559 94324953.3699589
4031 5493 30414050.880342092
4421 4124 52589346.08619834
1919 4713 91317368.11856614
3678 6081 29374431.38104987
7868 6752 79718832.45696194
9859 4243 29635781.60180016
2030 1966 71118524.41705202
2324 9637 88387108.17479016
6426 8582 73128071.97077067
4273 8103 47350782.95923002
2810 4252 75265027.2618288
7499 4072 86765222.10058983
8391 9888 8955760.594587369
3166 6367 17627174.13129864
8732 2367 48737769.02798739
8135 8611 37044197.72886628
3361 7389 97535735.17447424
5630 4221 3735835.2583443443
9045 2447 32169090.095117014
9567 2678 27570286.43178888
4487 9007 29754927.56544209
6505 3755 22336264.246222936
5778 1573 16716793.821055664
8624 9323 82339824.73585482
4069 6884 67070059.5391431
1734 8959 34190432.23808756
4257 6552 88755396.41619077
9632 9915 88810002.18176253
8187 8684 980626.5895964006
6145 2192 95842085.61681512
2982 5834 87060020.60158661
1904 741 70820887.55295634
2051 5047 26606666.9736705
5790 1389 11280733.910847163
7867 4637 85696631.38118336
2635 1022 82415124.69019072
2342 1454 97168216.26979738
7263 9453 66335882.54986396
954 1061 63015528.83613171
8068 6601 63164390.35255469
6846 7907 48061432.240675285
4632 7140 4539532.580498795
6574 8754 37058804.86021098
6676 4340 11934718.840746107
9979 4643 10352585.858015385
9175 6978 59543769.09271332
4389 1484 80601024.92585205
3248 7179 12900665.672200529
6008 6150 11387924.547684137
2990 9347 80350076.82504703
8182 5593 13283509.349343969
13 1376 94519776.20540044
2544 667 30226135.776737027
8986 6368 10228666.18803422
2527 6840 17738163.635238137
5891 3917 42385963.46992735
7680 7519 639167.2486329991
9684 9362 19033363.865111973
6249 5183 36405633.213134825
1087 1295 85565674.56647766
9219 4946 90456569.53430611
8634 244 7403775.049260475
6635 6351 43288308.67630053
5743 5709 77314167.00489914
8325 5112 99808056.12662145
1570 8222 72688369.58574092
1226 5575 87141210.72888222
7389 4849 66043311.95444471
4895 3355 84569676.53880316
7494 4094 48311886.87920979
8235 5323 66776729.75019844
849 8418 10835224.89987937
4941 1235 11433144.098426351
3816 7685 26021405.323730152
1812 6945 41287932.65557908
2383 4057 33116587.92040455
5720 6154 97488704.56251505
5958 9909 16229526.682713868
7820 7351 36082849.57231011
6334 3058 84287876.73147033
4769 9684 23238280.500990372
2619 6811 3544656.9002007265
6063 581 45802495.31424965
4398 9387 88882076.74778901
2052 5323 92841945.30477715
6198 7271 93880300.1849026
4770 3966 81384084.52617717
1482 2638 20777230.5074582
6928 3888 98423005.0605123
6879 3396 39432045.2013642
8941 2611 43004625.6096721
8820 3788 33545621.861495856
6940 8381 49286108.88152985
6560 7846 22042047.547949605
7097 3141 30263820.180735666
897 5486 48368043.53767666
5400 3346 1099621.363020087
4998 1670 15097429.394963125
5449 9963 73702414.94065058
5977 9590 12336856.850046152
1926 9497 30978433.177290354
8051 6583 87473213.88918917
7487 2299 73336136.97305405
8310 9957 11806506.434514651
725 1110 76701799.63895513
1427 7007 51088017.9614854
4564 4669 21894478.913525518
4618 1648 67317566.98529303
4452 7445 15657535.610666385
1723 705 21730215.49119818
8334 7609 79879691.68019053
3567 2719 41933757.27709504
7892 4399 24050711.251629144
7631 5062 10278878.341036601
8914 3515 82310944.64985763
6433 8943 42471879.385358736
3216 7870 50404636.91225284
6676 6585 70150636.05298643
8757 6217 95076291.63745937
7489 215 64239573.90948618
3139 2734 87178119.6423805
2314 8599 95067532.64132373
7189 1403 37449703.8190022
5823 9818 30174369.567775626
7082 8161 79267053.39832118
2082 8431 85397651.46064024
9288 435 52450043.67372315
8188 468 24471596.224916793
8636 333 88097820.5946334
4233 8631 48674836.74141216
6502 9845 2124361.8387764897
3925 6600 42883196.434643835
8821 9731 88772765.93804786
